------------------------------------------
AES-128-CBC ENC, Size: 16KB
------------------------------------------
#msg #stream latency(usec) thruput(Mbps)
   1       1          6084            21
   2       1          6354            41
   4       1          7053            74
   8       1          8757           119
  16       1         11766           178
  32       1         16088           260
  64       1         17133           489
 128       1         19233           872
 256       1         24425          1373
 512       1         26834          2500
1024       1         31417          4272
2048       1         40675          6599
4096       1         60928          8811
------------------------------------------
AES-128-CBC ENC, Size: 16KB
------------------------------------------
#msg #stream latency(usec) thruput(Mbps)
   1       2          3019            43
   2       2          3151            83
   4       2          3501           149
   8       2          4347           241
  16       2          5903           355
  32       2          8069           519
  64       2          8581           977
 128       2          9809          1710
 256       2         12819          2617
 512       2         14716          4560
1024       2         18488          7259
2048       2         26944          9962
4096       2         46863         11456
------------------------------------------
AES-128-CBC ENC, Size: 16KB
------------------------------------------
#msg #stream latency(usec) thruput(Mbps)
   1       3          2038            64
   2       3          2113           124
   4       3          2363           221
   8       3          2944           356
  16       3          3975           527
  32       3          5494           763
  64       3          5716          1467
 128       3          6846          2450
 256       3          9079          3695
 512       3          9762          6874
1024       3         12215         10987
2048       3         18019         14897
4096       3         35690         15042
------------------------------------------
AES-128-CBC ENC, Size: 16KB
------------------------------------------
#msg #stream latency(usec) thruput(Mbps)
   1       4          1479            88
   2       4          1542           170
   4       4          1726           303
   8       4          2155           486
  16       4          2910           720
  32       4          3962          1058
  64       4          4209          1993
 128       4          4831          3472
 256       4          6094          5506
 512       4          7227          9285
1024       4          9273         14474
2048       4         17740         15131
4096       4         35335         15193
------------------------------------------
AES-128-CBC ENC, Size: 16KB
------------------------------------------
#msg #stream latency(usec) thruput(Mbps)
   1       5          1203           108
   2       5          1256           208
   4       5          1401           374
   8       5          1746           600
  16       5          2358           889
  32       5          3308          1267
  64       5          3707          2262
 128       5          4575          3667
 256       5          6458          5195
 512       5          8687          7725
1024       5         14337          9361
2048       5         25907         10361
4096       5         51103         10505
------------------------------------------
AES-128-CBC ENC, Size: 16KB
------------------------------------------
#msg #stream latency(usec) thruput(Mbps)
   1       6          1015           129
   2       6          1064           246
   4       6          1184           442
   8       6          1471           712
  16       6          2005          1045
  32       6          2818          1488
  64       6          3191          2628
 128       6          3921          4278
 256       6          5648          5940
 512       6          7776          8630
1024       6         13201         10167
2048       6         24463         10973
4096       6         49350         10878
------------------------------------------
AES-128-CBC ENC, Size: 16KB
------------------------------------------
#msg #stream latency(usec) thruput(Mbps)
   1       7           891           147
   2       7           935           280
   4       7          1035           506
   8       7          1296           809
  16       7          1773          1182
  32       7          2495          1681
  64       7          2800          2995
 128       7          3541          4737
 256       7          5107          6570
 512       7          7153          9381
1024       7         12527         10714
2048       7         24280         11055
4096       7         43672         12293
------------------------------------------
AES-128-CBC ENC, Size: 16KB
------------------------------------------
#msg #stream latency(usec) thruput(Mbps)
   1       8           766           171
   2       8           800           327
   4       8           895           585
   8       8          1116           939
  16       8          1537          1364
  32       8          2153          1948
  64       8          2470          3396
 128       8          3119          5379
 256       8          4560          7358
 512       8          6521         10291
1024       8         11622         11548
2048       8         21331         12584
4096       8         41133         13052
------------------------------------------
AES-128-CBC ENC, Size: 16KB
------------------------------------------
#msg #stream latency(usec) thruput(Mbps)
   1       9           698           187
   2       9           729           359
   4       9           821           638
   8       9          1036          1012
  16       9          1431          1465
  32       9          2030          2066
  64       9          2367          3543
 128       9          3078          5450
 256       9          4643          7226
 512       9          7104          9446
1024       9         13045         10288
2048       9         25575         10496
4096       9         50862         10555
------------------------------------------
AES-128-CBC ENC, Size: 16KB
------------------------------------------
#msg #stream latency(usec) thruput(Mbps)
   1      10           573           228
   2      10           599           437
   4      10           675           776
   8      10           854          1227
  16      10          1187          1766
  32      10          1689          2483
  64      10          1986          4223
 128      10          2633          6371
 256      10          4039          8307
 512      10          6476         10362
1024      10         11791         11383
2048      10         23308         11516
4096      10         46985         11426
------------------------------------------
AES-128-CBC ENC, Size: 16KB
------------------------------------------
#msg #stream latency(usec) thruput(Mbps)
   1      11           570           229
   2      11           597           439
   4      11           676           775
   8      11           854          1227
  16      11          1186          1768
  32      11          1692          2478
  64      11          1993          4209
 128      11          2641          6352
 256      11          4034          8317
 512      11          6750          9942
1024      11         11514         11656
2048      11         24205         11090
------------------------------------------
AES-128-CBC ENC, Size: 16KB
------------------------------------------
#msg #stream latency(usec) thruput(Mbps)
   1      12           505           259
   2      12           532           492
   4      12           603           869
   8      12           765          1370
  16      12          1059          1980
  32      12          1517          2764
  64      12          1805          4647
 128      12          2402          6984
 256      12          3721          9017
 512      12          6270         10703
1024      12         11107         12084
2048      12         21747         12343
------------------------------------------
AES-128-CBC ENC, Size: 16KB
------------------------------------------
#msg #stream latency(usec) thruput(Mbps)
   1      13           452           289
   2      13           473           554
   4      13           538           974
   8      13           684          1533
  16      13           950          2207
  32      13          1378          3043
  64      13          1681          4990
 128      13          2302          7288
 256      13          3652          9187
 512      13          6265         10711
1024      13         11456         11715
2048      13         23666         11342
------------------------------------------
AES-128-CBC ENC, Size: 16KB
------------------------------------------
#msg #stream latency(usec) thruput(Mbps)
   1      14           451           290
   2      14           473           554
   4      14           536           978
   8      14           685          1530
  16      14           952          2202
  32      14          1376          3048
  64      14          1681          4990
 128      14          2290          7326
 256      14          3649          9195
 512      14          6244         10747
1024      14         11577         11593
2048      14         24038         11167
------------------------------------------
AES-128-CBC ENC, Size: 16KB
------------------------------------------
#msg #stream latency(usec) thruput(Mbps)
   1      15           387           338
   2      15           407           644
   4      15           464          1129
   8      15           594          1765
  16      15           831          2523
  32      15          1206          3477
  64      15          1483          5656
 128      15          2042          8216
 256      15          3306         10149
 512      15          5816         11538
1024      15         10872         12345
2048      15         22596         11879
------------------------------------------
AES-128-CBC ENC, Size: 16KB
------------------------------------------
#msg #stream latency(usec) thruput(Mbps)
   1      16           386           339
   2      16           408           642
   4      16           465          1127
   8      16           592          1771
  16      16           831          2523
  32      16          1198          3501
  64      16          1474          5691
 128      16          2038          8232
 256      16          3294         10186
 512      16          5824         11522
1024      16         10937         12271
2048      16         22156         12115
