------------------------------------------
AES-128-CBC DEC, Size: 16KB
------------------------------------------
#msg #stream latency(usec) thruput(Mbps)
   1       1           187           700
   2       1           188          1394
   4       1           236          2221
   8       1           295          3554
  16       1           353          5940
  32       1           576          7281
  64       1          1002          8371
 128       1          1845          9093
 256       1          3558          9430
 512       1          6928          9686
1024       1         13693          9801
2048       1         27208          9866
4096       1         54286          9889
------------------------------------------
AES-128-CBC DEC, Size: 16KB
------------------------------------------
#msg #stream latency(usec) thruput(Mbps)
   1       2            98          1337
   2       2            99          2647
   4       2           101          5190
   8       2           144          7281
  16       2           202         10381
  32       2           360         11650
  64       2           722         11618
 128       2          1448         11586
 256       2          2900         11570
 512       2          5803         11564
1024       2         11611         11559
2048       2         23224         11558
4096       2         46454         11557
------------------------------------------
AES-128-CBC DEC, Size: 16KB
------------------------------------------
#msg #stream latency(usec) thruput(Mbps)
   1       3            70          1872
   2       3            70          3744
   4       3            70          7489
   8       3           101         10381
  16       3           170         12336
  32       3           347         12087
  64       3           692         12122
 128       3          1383         12131
 256       3          2764         12139
 512       3          5529         12137
1024       3         11054         12142
2048       3         22107         12142
4096       3         44213         12142
------------------------------------------
AES-128-CBC DEC, Size: 16KB
------------------------------------------
#msg #stream latency(usec) thruput(Mbps)
   1       4            55          2383
   2       4            55          4766
   4       4            57          9198
   8       4            90         11650
  16       4           166         12633
  32       4           335         12520
  64       4           663         12652
 128       4          1324         12671
 256       4          2645         12685
 512       4          5287         12693
1024       4         10565         12703
2048       4         21127         12705
4096       4         42249         12707
------------------------------------------
AES-128-CBC DEC, Size: 16KB
------------------------------------------
#msg #stream latency(usec) thruput(Mbps)
   1       5            45          2912
   2       5            45          5825
   4       5            54          9709
   8       5            91         11522
  16       5           171         12264
  32       5           336         12483
  64       5           658         12748
 128       5          1301         12895
 256       5          2588         12965
 512       5          5160         13005
1024       5         10304         13025
2048       5         20593         13035
4096       5         41171         13040
------------------------------------------
AES-128-CBC DEC, Size: 16KB
------------------------------------------
#msg #stream latency(usec) thruput(Mbps)
   1       6            41          3196
   2       6            39          6721
   4       6            53          9892
   8       6            91         11522
  16       6           164         12787
  32       6           325         12905
  64       6           642         13066
 128       6          1278         13127
 256       6          2550         13158
 512       6          5093         13176
1024       6         10177         13188
2048       6         20346         13193
4096       6         40683         13196
------------------------------------------
AES-128-CBC DEC, Size: 16KB
------------------------------------------
#msg #stream latency(usec) thruput(Mbps)
   1       7            34          3855
   2       7            35          7489
   4       7            52         10082
   8       7            91         11522
  16       7           164         12787
  32       7           324         12945
  64       7           641         13086
 128       7          1274         13168
 256       7          2540         13210
 512       7          5072         13231
1024       7         10134         13244
2048       7         20258         13250
4096       7         40504         13254
------------------------------------------
AES-128-CBC DEC, Size: 16KB
------------------------------------------
#msg #stream latency(usec) thruput(Mbps)
   1       8            26          5041
   2       8            33          7943
   4       8            52         10082
   8       8            90         11650
  16       8           161         13025
  32       8           318         13189
  64       8           629         13336
 128       8          1247         13454
 256       8          2487         13491
 512       8          4966         13513
1024       8          9921         13528
2048       8         19834         13534
4096       8         29661         18100
------------------------------------------
AES-128-CBC DEC, Size: 16KB
------------------------------------------
#msg #stream latency(usec) thruput(Mbps)
   1       9            26          5041
   2       9            32          8192
   4       9            53          9892
   8       9            90         11650
  16       9           166         12633
  32       9           336         12483
  64       9           666         12595
 128       9          1254         13378
 256       9          2500         13421
 512       9          4987         13456
1024       9          9958         13478
2048       9         19902         13487
4096       9         39787         13493
------------------------------------------
AES-128-CBC DEC, Size: 16KB
------------------------------------------
#msg #stream latency(usec) thruput(Mbps)
   1      10            24          5461
   2      10            30          8738
   4      10            49         10699
   8      10            89         11781
  16      10           155         13530
  32      10           302         13888
  64      10           602         13934
 128      10          1206         13911
 256      10          2368         14169
 512      10          4729         14190
1024      10          9448         14205
2048      10         18885         14214
4096      10         37759         14218
------------------------------------------
AES-128-CBC DEC, Size: 16KB
------------------------------------------
#msg #stream latency(usec) thruput(Mbps)
   1      11            21          6241
   2      11            32          8192
   4      11            52         10082
   8      11            86         12192
  16      11           164         12787
  32      11           325         12905
  64      11           625         13421
 128      11          1248         13443
 256      11          2449         13701
 512      11          4889         13726
1024      11          9766         13743
2048      11         19520         13751
------------------------------------------
AES-128-CBC DEC, Size: 16KB
------------------------------------------
#msg #stream latency(usec) thruput(Mbps)
   1      12            21          6241
   2      12            33          7943
   4      12            51         10280
   8      12            87         12052
  16      12           162         12945
  32      12           336         12483
  64      12           629         13336
 128      12          1207         13899
 256      12          2394         14016
 512      12          4779         14042
1024      12          9545         14061
2048      12         19079         14069
------------------------------------------
AES-128-CBC DEC, Size: 16KB
------------------------------------------
#msg #stream latency(usec) thruput(Mbps)
   1      13            21          6241
   2      13            29          9039
   4      13            52         10082
   8      13            83         12633
  16      13           168         12483
  32      13           314         13357
  64      13           616         13617
 128      13          1180         14217
 256      13          2321         14456
 512      13          4630         14494
1024      13          9245         14517
2048      13         18476         14528
------------------------------------------
AES-128-CBC DEC, Size: 16KB
------------------------------------------
#msg #stream latency(usec) thruput(Mbps)
   1      14            18          7281
   2      14            29          9039
   4      14            48         10922
   8      14            85         12336
  16      14           173         12122
  32      14           324         12945
  64      14           613         13684
 128      14          1215         13808
 256      14          2378         14110
 512      14          4745         14143
1024      14          9476         14163
2048      14         18940         14172
------------------------------------------
AES-128-CBC DEC, Size: 16KB
------------------------------------------
#msg #stream latency(usec) thruput(Mbps)
   1      15            20          6553
   2      15            30          8738
   4      15            47         11155
   8      15            81         12945
  16      15           164         12787
  32      15           295         14217
  64      15           586         14315
 128      15          1166         14388
 256      15          2269         14788
 512      15          4529         14817
1024      15          9046         14837
2048      15         18081         14846
------------------------------------------
AES-128-CBC DEC, Size: 16KB
------------------------------------------
#msg #stream latency(usec) thruput(Mbps)
   1      16            20          6553
   2      16            29          9039
   4      16            48         10922
   8      16            83         12633
  16      16           163         12865
  32      16           314         13357
  64      16           611         13729
 128      16          1171         14327
 256      16          2317         14481
 512      16          4625         14510
1024      16          9238         14528
2048      16         18465         14537
